
0 60 540 30 1080 0 0 0 0 0 1500 200 13500 0 0
0 210 540 30 1080 0 0 0 0 0 1500 200 13500 0 0
0 360 540 30 1080 0 0 0 0 0 1500 200 13500 0 0
0 510 540 30 1080 0 0 0 0 0 1500 200 13500 0 0
0 660 540 30 1080 0 0 0 0 0 1500 200 13500 0 0
0 810 540 30 1080 0 0 0 0 0 1500 200 13500 0 0
0 960 540 30 1080 0 0 0 0 0 1500 200 13500 0 0
0 1110 540 30 1080 0 0 0 0 0 1500 200 13500 0 0
0 1260 540 30 1080 0 0 0 0 0 1500 200 13500 0 0
0 1410 540 30 1080 0 0 0 0 0 1500 200 13500 0 0
0 1560 540 30 1080 0 0 0 0 0 1500 200 13500 0 0
0 1710 540 30 1080 0 0 0 0 0 1500 200 13500 0 0
0 1860 540 30 1080 0 0 0 0 0 1500 200 13500 0 0


0 960 880 1920 400 0 0 0 0 0 400 0 0 0 0 0
0 35 1620 65 1080 8 90 0 0 0 100 300 400 0 0 0
0 105 1620 65 1080 14 90 0 0 0 100 300 400 0 0 0
0 175 1620 65 1080 7 90 0 0 0 100 300 400 0 0 0
0 245 1620 65 1080 14 90 0 0 0 100 300 400 0 0 0
0 315 1620 65 1080 12 90 0 0 0 100 300 400 0 0 0
0 385 1620 65 1080 14 90 0 0 0 100 300 400 0 0 0
0 455 1620 65 1080 8 90 0 0 0 100 300 400 0 0 0
0 525 1620 65 1080 10 90 0 0 0 100 300 400 0 0 0
0 595 1620 65 1080 13 90 0 0 0 100 300 400 0 0 0
0 665 1620 65 1080 8 90 0 0 0 100 300 400 0 0 0
0 735 1620 65 1080 12 90 0 0 0 100 300 400 0 0 0
0 805 1620 65 1080 11 90 0 0 0 100 300 400 0 0 0
0 875 1620 65 1080 12 90 0 0 0 100 300 400 0 0 0
0 945 1620 65 1080 14 90 0 0 0 100 300 400 0 0 0
0 1015 1620 65 1080 12 90 0 0 0 100 300 400 0 0 0
0 1085 1620 65 1080 11 90 0 0 0 100 300 400 0 0 0
0 1155 1620 65 1080 13 90 0 0 0 100 300 400 0 0 0
0 1225 1620 65 1080 7 90 0 0 0 100 300 400 0 0 0
0 1295 1620 65 1080 14 90 0 0 0 100 300 400 0 0 0
0 1365 1620 65 1080 8 90 0 0 0 100 300 400 0 0 0
0 1435 1620 65 1080 15 90 0 0 0 100 300 400 0 0 0
0 1505 1620 65 1080 15 90 0 0 0 100 300 400 0 0 0
0 1575 1620 65 1080 13 90 0 0 0 100 300 400 0 0 0
0 1645 1620 65 1080 13 90 0 0 0 100 300 400 0 0 0
0 1715 1620 65 1080 15 90 0 0 0 100 300 400 0 0 0
0 1785 1620 65 1080 15 90 0 0 0 100 300 400 0 0 0
0 1855 1620 65 1080 15 90 0 0 0 100 300 400 0 0 0



0 480 540 20 20 10 30 0 4 2500 450 300 2500 0 0 0
0 480 540 20 20 10 60 0 4 2500 450 300 2500 0 0 0
0 480 540 20 20 10 90 0 4 2500 450 300 2500 0 0 0
0 480 540 20 20 10 120 0 4 2500 450 300 2500 0 0 0
0 480 540 20 20 10 150 0 4 2500 450 300 2500 0 0 0
0 480 540 20 20 10 180 0 4 2500 450 300 2500 0 0 0
0 480 540 20 20 10 210 0 4 2500 450 300 2500 0 0 0
0 480 540 20 20 10 240 0 4 2500 450 300 2500 0 0 0
0 480 540 20 20 10 270 0 4 2500 450 300 2500 0 0 0
0 480 540 20 20 10 300 0 4 2500 450 300 2500 0 0 0
0 480 540 20 20 10 330 0 4 2500 450 300 2500 0 0 0
0 480 540 20 20 10 360 0 4 2500 450 300 2500 0 0 0
0 1440 540 20 20 10 30 0 4 2500 450 300 2500 0 0 0
0 1440 540 20 20 10 60 0 4 2500 450 300 2500 0 0 0
0 1440 540 20 20 10 90 0 4 2500 450 300 2500 0 0 0
0 1440 540 20 20 10 120 0 4 2500 450 300 2500 0 0 0
0 1440 540 20 20 10 150 0 4 2500 450 300 2500 0 0 0
0 1440 540 20 20 10 180 0 4 2500 450 300 2500 0 0 0
0 1440 540 20 20 10 210 0 4 2500 450 300 2500 0 0 0
0 1440 540 20 20 10 240 0 4 2500 450 300 2500 0 0 0
0 1440 540 20 20 10 270 0 4 2500 450 300 2500 0 0 0
0 1440 540 20 20 10 300 0 4 2500 450 300 2500 0 0 0
0 1440 540 20 20 10 330 0 4 2500 450 300 2500 0 0 0
0 1440 540 20 20 10 360 0 4 2500 450 300 2500 0 0 0

0 960 880 1920 400 0 0 0 0 2649 600 0 0 0 0 0
0 35 1620 65 1080 8 90 0 0 2849 100 300 400 0 0 0
0 105 1620 65 1080 14 90 0 0 2849 100 300 400 0 0 0
0 175 1620 65 1080 7 90 0 0 2849 100 300 400 0 0 0
0 245 1620 65 1080 14 90 0 0 2849 100 300 400 0 0 0
0 315 1620 65 1080 12 90 0 0 2849 100 300 400 0 0 0
0 385 1620 65 1080 14 90 0 0 2849 100 300 400 0 0 0
0 455 1620 65 1080 8 90 0 0 2849 100 300 400 0 0 0
0 525 1620 65 1080 10 90 0 0 2849 100 300 400 0 0 0
0 595 1620 65 1080 13 90 0 0 2849 100 300 400 0 0 0
0 665 1620 65 1080 8 90 0 0 2849 100 300 400 0 0 0
0 735 1620 65 1080 12 90 0 0 2849 100 300 400 0 0 0
0 805 1620 65 1080 11 90 0 0 2849 100 300 400 0 0 0
0 875 1620 65 1080 12 90 0 0 2849 100 300 400 0 0 0
0 945 1620 65 1080 14 90 0 0 2849 100 300 400 0 0 0
0 1015 1620 65 1080 12 90 0 0 2849 100 300 400 0 0 0
0 1085 1620 65 1080 11 90 0 0 2849 100 300 400 0 0 0
0 1155 1620 65 1080 13 90 0 0 2849 100 300 400 0 0 0
0 1225 1620 65 1080 7 90 0 0 2849 100 300 400 0 0 0
0 1295 1620 65 1080 14 90 0 0 2849 100 300 400 0 0 0
0 1365 1620 65 1080 8 90 0 0 2849 100 300 400 0 0 0
0 1435 1620 65 1080 15 90 0 0 2849 100 300 400 0 0 0
0 1505 1620 65 1080 15 90 0 0 2849 100 300 400 0 0 0
0 1575 1620 65 1080 13 90 0 0 2849 100 300 400 0 0 0
0 1645 1620 65 1080 13 90 0 0 2849 100 300 400 0 0 0
0 1715 1620 65 1080 15 90 0 0 2849 100 300 400 0 0 0
0 1785 1620 65 1080 15 90 0 0 2849 100 300 400 0 0 0
0 1855 1620 65 1080 15 90 0 0 2849 100 300 400 0 0 0



0 480 540 20 20 10 30 0 4 5698 450 300 2500 0 0 0
0 480 540 20 20 10 54 0 4 5698 450 300 2500 0 0 0
0 480 540 20 20 10 78 0 4 5698 450 300 2500 0 0 0
0 480 540 20 20 10 102 0 4 5698 450 300 2500 0 0 0
0 480 540 20 20 10 126 0 4 5698 450 300 2500 0 0 0
0 480 540 20 20 10 150 0 4 5698 450 300 2500 0 0 0
0 480 540 20 20 10 174 0 4 5698 450 300 2500 0 0 0
0 480 540 20 20 10 198 0 4 5698 450 300 2500 0 0 0
0 480 540 20 20 10 222 0 4 5698 450 300 2500 0 0 0
0 480 540 20 20 10 246 0 4 5698 450 300 2500 0 0 0
0 480 540 20 20 10 270 0 4 5698 450 300 2500 0 0 0
0 480 540 20 20 10 294 0 4 5698 450 300 2500 0 0 0
0 480 540 20 20 10 318 0 4 5698 450 300 2500 0 0 0
0 480 540 20 20 10 342 0 4 5698 450 300 2500 0 0 0
0 480 540 20 20 10 366 0 4 5698 450 300 2500 0 0 0
0 1440 540 20 20 10 30 0 4 5698 450 300 2500 0 0 0
0 1440 540 20 20 10 54 0 4 5698 450 300 2500 0 0 0
0 1440 540 20 20 10 78 0 4 5698 450 300 2500 0 0 0
0 1440 540 20 20 10 102 0 4 5698 450 300 2500 0 0 0
0 1440 540 20 20 10 126 0 4 5698 450 300 2500 0 0 0
0 1440 540 20 20 10 150 0 4 5698 450 300 2500 0 0 0
0 1440 540 20 20 10 174 0 4 5698 450 300 2500 0 0 0
0 1440 540 20 20 10 198 0 4 5698 450 300 2500 0 0 0
0 1440 540 20 20 10 222 0 4 5698 450 300 2500 0 0 0
0 1440 540 20 20 10 246 0 4 5698 450 300 2500 0 0 0
0 1440 540 20 20 10 270 0 4 5698 450 300 2500 0 0 0
0 1440 540 20 20 10 294 0 4 5698 450 300 2500 0 0 0
0 1440 540 20 20 10 318 0 4 5698 450 300 2500 0 0 0
0 1440 540 20 20 10 342 0 4 5698 450 300 2500 0 0 0
0 1440 540 20 20 10 366 0 4 5698 450 300 2500 0 0 0

0 960 880 1920 400 0 0 0 0 5848 600 0 0 0 0 0
0 35 1620 65 1080 8 90 0 0 6048 100 300 400 0 0 0
0 105 1620 65 1080 14 90 0 0 6048 100 300 400 0 0 0
0 175 1620 65 1080 7 90 0 0 6048 100 300 400 0 0 0
0 245 1620 65 1080 14 90 0 0 6048 100 300 400 0 0 0
0 315 1620 65 1080 12 90 0 0 6048 100 300 400 0 0 0
0 385 1620 65 1080 14 90 0 0 6048 100 300 400 0 0 0
0 455 1620 65 1080 8 90 0 0 6048 100 300 400 0 0 0
0 525 1620 65 1080 10 90 0 0 6048 100 300 400 0 0 0
0 595 1620 65 1080 13 90 0 0 6048 100 300 400 0 0 0
0 665 1620 65 1080 8 90 0 0 6048 100 300 400 0 0 0
0 735 1620 65 1080 12 90 0 0 6048 100 300 400 0 0 0
0 805 1620 65 1080 11 90 0 0 6048 100 300 400 0 0 0
0 875 1620 65 1080 12 90 0 0 6048 100 300 400 0 0 0
0 945 1620 65 1080 14 90 0 0 6048 100 300 400 0 0 0
0 1015 1620 65 1080 12 90 0 0 6048 100 300 400 0 0 0
0 1085 1620 65 1080 11 90 0 0 6048 100 300 400 0 0 0
0 1155 1620 65 1080 13 90 0 0 6048 100 300 400 0 0 0
0 1225 1620 65 1080 7 90 0 0 6048 100 300 400 0 0 0
0 1295 1620 65 1080 14 90 0 0 6048 100 300 400 0 0 0
0 1365 1620 65 1080 8 90 0 0 6048 100 300 400 0 0 0
0 1435 1620 65 1080 15 90 0 0 6048 100 300 400 0 0 0
0 1505 1620 65 1080 15 90 0 0 6048 100 300 400 0 0 0
0 1575 1620 65 1080 13 90 0 0 6048 100 300 400 0 0 0
0 1645 1620 65 1080 13 90 0 0 6048 100 300 400 0 0 0
0 1715 1620 65 1080 15 90 0 0 6048 100 300 400 0 0 0
0 1785 1620 65 1080 15 90 0 0 6048 100 300 400 0 0 0
0 1855 1620 65 1080 15 90 0 0 6048 100 300 400 0 0 0


0 480 540 20 20 10 30 0 4 8898 450 300 2500 0 0 0
0 480 540 20 20 10 50 0 4 8898 450 300 2500 0 0 0
0 480 540 20 20 10 70 0 4 8898 450 300 2500 0 0 0
0 480 540 20 20 10 90 0 4 8898 450 300 2500 0 0 0
0 480 540 20 20 10 110 0 4 8898 450 300 2500 0 0 0
0 480 540 20 20 10 130 0 4 8898 450 300 2500 0 0 0
0 480 540 20 20 10 150 0 4 8898 450 300 2500 0 0 0
0 480 540 20 20 10 170 0 4 8898 450 300 2500 0 0 0
0 480 540 20 20 10 190 0 4 8898 450 300 2500 0 0 0
0 480 540 20 20 10 210 0 4 8898 450 300 2500 0 0 0
0 480 540 20 20 10 230 0 4 8898 450 300 2500 0 0 0
0 480 540 20 20 10 250 0 4 8898 450 300 2500 0 0 0
0 480 540 20 20 10 270 0 4 8898 450 300 2500 0 0 0
0 480 540 20 20 10 290 0 4 8898 450 300 2500 0 0 0
0 480 540 20 20 10 310 0 4 8898 450 300 2500 0 0 0
0 480 540 20 20 10 330 0 4 8898 450 300 2500 0 0 0
0 480 540 20 20 10 350 0 4 8898 450 300 2500 0 0 0
0 480 540 20 20 10 370 0 4 8898 450 300 2500 0 0 0
0 1440 540 20 20 10 30 0 4 8898 450 300 2500 0 0 0
0 1440 540 20 20 10 50 0 4 8898 450 300 2500 0 0 0
0 1440 540 20 20 10 70 0 4 8898 450 300 2500 0 0 0
0 1440 540 20 20 10 90 0 4 8898 450 300 2500 0 0 0
0 1440 540 20 20 10 110 0 4 8898 450 300 2500 0 0 0
0 1440 540 20 20 10 130 0 4 8898 450 300 2500 0 0 0
0 1440 540 20 20 10 150 0 4 8898 450 300 2500 0 0 0
0 1440 540 20 20 10 170 0 4 8898 450 300 2500 0 0 0
0 1440 540 20 20 10 190 0 4 8898 450 300 2500 0 0 0
0 1440 540 20 20 10 210 0 4 8898 450 300 2500 0 0 0
0 1440 540 20 20 10 230 0 4 8898 450 300 2500 0 0 0
0 1440 540 20 20 10 250 0 4 8898 450 300 2500 0 0 0
0 1440 540 20 20 10 270 0 4 8898 450 300 2500 0 0 0
0 1440 540 20 20 10 290 0 4 8898 450 300 2500 0 0 0
0 1440 540 20 20 10 310 0 4 8898 450 300 2500 0 0 0
0 1440 540 20 20 10 330 0 4 8898 450 300 2500 0 0 0
0 1440 540 20 20 10 350 0 4 8898 450 300 2500 0 0 0
0 1440 540 20 20 10 370 0 4 8898 450 300 2500 0 0 0

0 960 880 1920 400 0 0 0 0 9050 600 0 0 0 0 0
0 35 1620 65 1080 8 90 0 0 9250 100 300 400 0 0 0
0 105 1620 65 1080 14 90 0 0 9250 100 300 400 0 0 0
0 175 1620 65 1080 7 90 0 0 9250 100 300 400 0 0 0
0 245 1620 65 1080 14 90 0 0 9250 100 300 400 0 0 0
0 315 1620 65 1080 12 90 0 0 9250 100 300 400 0 0 0
0 385 1620 65 1080 14 90 0 0 9250 100 300 400 0 0 0
0 455 1620 65 1080 8 90 0 0 9250 100 300 400 0 0 0
0 525 1620 65 1080 10 90 0 0 9250 100 300 400 0 0 0
0 595 1620 65 1080 13 90 0 0 9250 100 300 400 0 0 0
0 665 1620 65 1080 8 90 0 0 9250 100 300 400 0 0 0
0 735 1620 65 1080 12 90 0 0 9250 100 300 400 0 0 0
0 805 1620 65 1080 11 90 0 0 9250 100 300 400 0 0 0
0 875 1620 65 1080 12 90 0 0 9250 100 300 400 0 0 0
0 945 1620 65 1080 14 90 0 0 9250 100 300 400 0 0 0
0 1015 1620 65 1080 12 90 0 0 9250 100 300 400 0 0 0
0 1085 1620 65 1080 11 90 0 0 9250 100 300 400 0 0 0
0 1155 1620 65 1080 13 90 0 0 9250 100 300 400 0 0 0
0 1225 1620 65 1080 7 90 0 0 9250 100 300 400 0 0 0
0 1295 1620 65 1080 14 90 0 0 9250 100 300 400 0 0 0
0 1365 1620 65 1080 8 90 0 0 9250 100 300 400 0 0 0
0 1435 1620 65 1080 15 90 0 0 9250 100 300 400 0 0 0
0 1505 1620 65 1080 15 90 0 0 9250 100 300 400 0 0 0
0 1575 1620 65 1080 13 90 0 0 9250 100 300 400 0 0 0
0 1645 1620 65 1080 13 90 0 0 9250 100 300 400 0 0 0
0 1715 1620 65 1080 15 90 0 0 9250 100 300 400 0 0 0
0 1785 1620 65 1080 15 90 0 0 9250 100 300 400 0 0 0
0 1855 1620 65 1080 15 90 0 0 9250 100 300 400 0 0 0


0 480 540 20 20 10 40 0 4 12098 450 300 2500 0 0 0
0 480 540 20 20 10 60 0 4 12098 450 300 2500 0 0 0
0 480 540 20 20 10 80 0 4 12098 450 300 2500 0 0 0
0 480 540 20 20 10 100 0 4 12098 450 300 2500 0 0 0
0 480 540 20 20 10 120 0 4 12098 450 300 2500 0 0 0
0 480 540 20 20 10 140 0 4 12098 450 300 2500 0 0 0
0 480 540 20 20 10 160 0 4 12098 450 300 2500 0 0 0
0 480 540 20 20 10 180 0 4 12098 450 300 2500 0 0 0
0 480 540 20 20 10 200 0 4 12098 450 300 2500 0 0 0
0 480 540 20 20 10 220 0 4 12098 450 300 2500 0 0 0
0 480 540 20 20 10 240 0 4 12098 450 300 2500 0 0 0
0 480 540 20 20 10 260 0 4 12098 450 300 2500 0 0 0
0 480 540 20 20 10 280 0 4 12098 450 300 2500 0 0 0
0 480 540 20 20 10 300 0 4 12098 450 300 2500 0 0 0
0 480 540 20 20 10 320 0 4 12098 450 300 2500 0 0 0
0 480 540 20 20 10 340 0 4 12098 450 300 2500 0 0 0
0 480 540 20 20 10 360 0 4 12098 450 300 2500 0 0 0
0 480 540 20 20 10 380 0 4 12098 450 300 2500 0 0 0
0 1440 540 20 20 10 40 0 4 12098 450 300 2500 0 0 0
0 1440 540 20 20 10 60 0 4 12098 450 300 2500 0 0 0
0 1440 540 20 20 10 80 0 4 12098 450 300 2500 0 0 0
0 1440 540 20 20 10 100 0 4 12098 450 300 2500 0 0 0
0 1440 540 20 20 10 120 0 4 12098 450 300 2500 0 0 0
0 1440 540 20 20 10 140 0 4 12098 450 300 2500 0 0 0
0 1440 540 20 20 10 160 0 4 12098 450 300 2500 0 0 0
0 1440 540 20 20 10 180 0 4 12098 450 300 2500 0 0 0
0 1440 540 20 20 10 200 0 4 12098 450 300 2500 0 0 0
0 1440 540 20 20 10 220 0 4 12098 450 300 2500 0 0 0
0 1440 540 20 20 10 240 0 4 12098 450 300 2500 0 0 0
0 1440 540 20 20 10 260 0 4 12098 450 300 2500 0 0 0
0 1440 540 20 20 10 280 0 4 12098 450 300 2500 0 0 0
0 1440 540 20 20 10 300 0 4 12098 450 300 2500 0 0 0
0 1440 540 20 20 10 320 0 4 12098 450 300 2500 0 0 0
0 1440 540 20 20 10 340 0 4 12098 450 300 2500 0 0 0
0 1440 540 20 20 10 360 0 4 12098 450 300 2500 0 0 0
0 1440 540 20 20 10 380 0 4 12098 450 300 2500 0 0 0

0 960 200 1920 400 0 0 0 0 12245 600 0 0 0 0 0
0 35 -540 65 1080 8 270 0 0 12445 100 300 400 0 0 0
0 105 -540 65 1080 14 270 0 0 12445 100 300 400 0 0 0
0 175 -540 65 1080 7 270 0 0 12445 100 300 400 0 0 0
0 245 -540 65 1080 14 270 0 0 12445 100 300 400 0 0 0
0 315 -540 65 1080 12 270 0 0 12445 100 300 400 0 0 0
0 385 -540 65 1080 14 270 0 0 12445 100 300 400 0 0 0
0 455 -540 65 1080 8 270 0 0 12445 100 300 400 0 0 0
0 525 -540 65 1080 10 270 0 0 12445 100 300 400 0 0 0
0 595 -540 65 1080 13 270 0 0 12445 100 300 400 0 0 0
0 665 -540 65 1080 8 270 0 0 12445 100 300 400 0 0 0
0 735 -540 65 1080 12 270 0 0 12445 100 300 400 0 0 0
0 805 -540 65 1080 11 270 0 0 12445 100 300 400 0 0 0
0 875 -540 65 1080 12 270 0 0 12445 100 300 400 0 0 0
0 945 -540 65 1080 14 270 0 0 12445 100 300 400 0 0 0
0 1015 -540 65 1080 12 270 0 0 12445 100 300 400 0 0 0
0 1085 -540 65 1080 11 270 0 0 12445 100 300 400 0 0 0
0 1155 -540 65 1080 13 270 0 0 12445 100 300 400 0 0 0
0 1225 -540 65 1080 7 270 0 0 12445 100 300 400 0 0 0
0 1295 -540 65 1080 14 270 0 0 12445 100 300 400 0 0 0
0 1365 -540 65 1080 8 270 0 0 12445 100 300 400 0 0 0
0 1435 -540 65 1080 15 270 0 0 12445 100 300 400 0 0 0
0 1505 -540 65 1080 15 270 0 0 12445 100 300 400 0 0 0
0 1575 -540 65 1080 13 270 0 0 12445 100 300 400 0 0 0
0 1645 -540 65 1080 13 270 0 0 12445 100 300 400 0 0 0
0 1715 -540 65 1080 15 270 0 0 12445 100 300 400 0 0 0
0 1785 -540 65 1080 15 270 0 0 12445 100 300 400 0 0 0
0 1855 -540 65 1080 15 270 0 0 12445 100 300 400 0 0 0


0 22 230 34 34 17 0 0 0 16137 0 100 5000 0 0 0
0 22 865 34 34 17 0 0 0 16352 0 100 5000 0 0 0
0 22 476 34 34 17 0 0 0 16542 0 100 5000 0 0 0
0 22 1002 34 34 17 0 0 0 16749 0 100 5000 0 0 0
0 22 694 34 34 17 0 0 0 16945 0 100 5000 0 0 0
0 22 731 34 34 17 0 0 0 17154 0 100 5000 0 0 0
0 22 481 34 34 17 0 0 0 17723 0 100 5000 0 0 0
0 22 1047 34 34 17 0 0 0 17952 0 100 5000 0 0 0
0 22 473 34 34 17 0 0 0 18149 0 100 5000 0 0 0
0 22 902 34 34 17 0 0 0 18350 0 100 5000 0 0 0
0 22 724 34 34 17 0 0 0 18547 0 100 5000 0 0 0
0 22 521 34 34 17 0 0 0 18754 0 100 5000 0 0 0
0 22 1019 34 34 17 0 0 0 19259 0 100 5000 0 0 0
0 22 285 34 34 17 0 0 0 19555 0 100 5000 0 0 0
0 22 229 34 34 17 0 0 0 19759 0 100 5000 0 0 0
0 22 771 34 34 17 0 0 0 19941 0 100 5000 0 0 0
0 22 722 34 34 17 0 0 0 20149 0 100 5000 0 0 0
0 22 148 34 34 17 0 0 0 20355 0 100 5000 0 0 0
0 22 628 34 34 17 0 0 0 20950 0 100 5000 0 0 0
0 22 139 34 34 17 0 0 0 21153 0 100 5000 0 0 0
0 22 170 34 34 17 0 0 0 21357 0 100 5000 0 0 0
0 22 575 34 34 17 0 0 0 21551 0 100 5000 0 0 0
0 22 89 34 34 17 0 0 0 21740 0 100 5000 0 0 0
0 22 203 34 34 17 0 0 0 21951 0 100 5000 0 0 0


0 1898 230 34 34 17 180 0 0 22461 0 100 5000 0 0 0
0 1898 865 34 34 17 180 0 0 22676 0 100 5000 0 0 0
0 1898 476 34 34 17 180 0 0 22866 0 100 5000 0 0 0
0 1898 1002 34 34 17 180 0 0 23073 0 100 5000 0 0 0
0 1898 694 34 34 17 180 0 0 23269 0 100 5000 0 0 0
0 1898 731 34 34 17 180 0 0 23478 0 100 5000 0 0 0
0 1898 481 34 34 17 180 0 0 24047 0 100 5000 0 0 0
0 1898 1047 34 34 17 180 0 0 24276 0 100 5000 0 0 0
0 1898 473 34 34 17 180 0 0 24473 0 100 5000 0 0 0
0 1898 902 34 34 17 180 0 0 24674 0 100 5000 0 0 0
0 1898 724 34 34 17 180 0 0 24871 0 100 5000 0 0 0
0 1898 521 34 34 17 180 0 0 25078 0 100 5000 0 0 0
0 1898 1019 34 34 17 180 0 0 25583 0 100 5000 0 0 0
0 1898 285 34 34 17 180 0 0 25879 0 100 5000 0 0 0
0 1898 229 34 34 17 180 0 0 26083 0 100 5000 0 0 0
0 1898 771 34 34 17 180 0 0 26265 0 100 5000 0 0 0
0 1898 722 34 34 17 180 0 0 26473 0 100 5000 0 0 0
0 1898 148 34 34 17 180 0 0 26679 0 100 5000 0 0 0
0 1898 628 34 34 17 180 0 0 27274 0 100 5000 0 0 0
0 1898 139 34 34 17 180 0 0 27477 0 100 5000 0 0 0
0 1898 170 34 34 17 180 0 0 27681 0 100 5000 0 0 0
0 1898 575 34 34 17 180 0 0 27875 0 100 5000 0 0 0
0 1898 89 34 34 17 180 0 0 28064 0 100 5000 0 0 0
0 1898 203 34 34 17 180 0 0 28275 0 100 5000 0 0 0

0 60 540 30 1080 0 0 0 0 27828 2000 200 11200 0 0
0 210 540 30 1080 0 0 0 0 27828 2000 200 11200 0 0
0 360 540 30 1080 0 0 0 0 27828 2000 200 11200 0 0
0 510 540 30 1080 0 0 0 0 27828 2000 200 11200 0 0
0 660 540 30 1080 0 0 0 0 27828 2000 200 11200 0 0
0 810 540 30 1080 0 0 0 0 27828 2000 200 11200 0 0
0 960 540 30 1080 0 0 0 0 27828 2000 200 11200 0 0
0 1110 540 30 1080 0 0 0 0 27828 2000 200 11200 0 0
0 1260 540 30 1080 0 0 0 0 27828 2000 200 11200 0 0
0 1410 540 30 1080 0 0 0 0 27828 2000 200 11200 0 0
0 1560 540 30 1080 0 0 0 0 27828 2000 200 11200 0 0
0 1710 540 30 1080 0 0 0 0 27828 2000 200 11200 0 0
0 1860 540 30 1080 0 0 0 0 27828 2000 200 11200 0 0

0 60 0 100 100 10 270 0 0 27828 0 200 5000 0 0
0 1410 0 100 100 10 270 0 0 27828 0 200 5000 0 0
0 1710 0 100 100 10 270 0 0 28428 0 200 5000 0 0
0 660 0 100 100 10 270 0 0 28428 0 200 5000 0 0
0 210 0 100 100 10 270 0 0 29028 0 200 5000 0 0
0 210 0 100 100 10 270 0 0 29028 0 200 5000 0 0
0 1860 0 100 100 10 270 0 0 29628 0 200 5000 0 0
0 510 0 100 100 10 270 0 0 29628 0 200 5000 0 0
0 210 0 100 100 10 270 0 0 30228 0 200 5000 0 0
0 1110 0 100 100 10 270 0 0 30228 0 200 5000 0 0
0 360 0 100 100 10 270 0 0 30828 0 200 5000 0 0
0 510 0 100 100 10 270 0 0 30828 0 200 5000 0 0
0 60 0 100 100 10 270 0 0 31428 0 200 5000 0 0
0 660 0 100 100 10 270 0 0 31428 0 200 5000 0 0
0 1860 0 100 100 10 270 0 0 32028 0 200 5000 0 0
0 210 0 100 100 10 270 0 0 32028 0 200 5000 0 0
0 1410 0 100 100 10 270 0 0 32628 0 200 5000 0 0
0 1560 0 100 100 10 270 0 0 32628 0 200 5000 0 0
0 1560 0 100 100 10 270 0 0 33228 0 200 5000 0 0
0 1710 0 100 100 10 270 0 0 33228 0 200 5000 0 0
0 1110 0 100 100 10 270 0 0 33828 0 200 5000 0 0
0 1260 0 100 100 10 270 0 0 33828 0 200 5000 0 0
0 510 0 100 100 10 270 0 0 34428 0 200 5000 0 0
0 510 0 100 100 10 270 0 0 34428 0 200 5000 0 0
0 510 0 100 100 10 270 0 0 35028 0 200 5000 0 0
0 810 0 100 100 10 270 0 0 35028 0 200 5000 0 0
0 360 1080 100 100 10 90 0 0 35628 0 200 5000 0 0
0 510 1080 100 100 10 90 0 0 35628 0 200 5000 0 0
0 1560 1080 100 100 10 90 0 0 36228 0 200 5000 0 0
0 660 1080 100 100 10 90 0 0 36228 0 200 5000 0 0
0 1410 1080 100 100 10 90 0 0 36828 0 200 5000 0 0
0 1860 1080 100 100 10 90 0 0 36828 0 200 5000 0 0
0 210 1080 100 100 10 90 0 0 37428 0 200 5000 0 0
0 1410 1080 100 100 10 90 0 0 37428 0 200 5000 0 0
0 810 1080 100 100 10 90 0 0 38028 0 200 5000 0 0
0 660 1080 100 100 10 90 0 0 38028 0 200 5000 0 0
0 1560 1080 100 100 10 90 0 0 38628 0 200 5000 0 0
0 810 1080 100 100 10 90 0 0 38628 0 200 5000 0 0
0 1410 1080 100 100 10 90 0 0 39228 0 200 5000 0 0
0 1710 1080 100 100 10 90 0 0 39228 0 200 5000 0 0
0 210 1080 100 100 10 90 0 0 39828 0 200 5000 0 0
0 1710 1080 100 100 10 90 0 0 39828 0 200 5000 0 0

0 1260 677 25 806 15 180 0 0 41438 1200 200 5000 0 0
0 1260 253 42 42 15 180 0 0 41438 1200 200 5000 0 0
0 960 637 25 887 15 180 0 0 42138 1200 200 5000 0 0
0 960 172 42 42 15 180 0 0 42138 1200 200 5000 0 0
0 960 854 25 452 15 180 0 0 42838 1200 200 5000 0 0
0 960 607 42 42 15 180 0 0 42838 1200 200 5000 0 0
0 1110 852 25 457 15 180 0 0 43538 1200 200 5000 0 0
0 1110 602 42 42 15 180 0 0 43538 1200 200 5000 0 0
0 960 686 25 788 15 180 0 0 44238 1200 200 5000 0 0
0 960 271 42 42 15 180 0 0 44238 1200 200 5000 0 0
0 1110 661 25 839 15 180 0 0 44938 1200 200 5000 0 0
0 1110 220 42 42 15 180 0 0 44938 1200 200 5000 0 0
0 1110 670 25 821 15 180 0 0 45638 1200 200 5000 0 0
0 1110 238 42 42 15 180 0 0 45638 1200 200 5000 0 0
0 1260 754 25 653 15 180 0 0 46338 1200 200 5000 0 0
0 1260 406 42 42 15 180 0 0 46338 1200 200 5000 0 0
0 810 726 25 709 15 180 0 0 47038 1200 200 5000 0 0
0 810 350 42 42 15 180 0 0 47038 1200 200 5000 0 0
0 810 866 25 428 15 180 0 0 47738 1200 200 5000 0 0
0 810 631 42 42 15 180 0 0 47738 1200 200 5000 0 0
0 210 403 25 806 15 0 0 0 47346 1200 200 5000 0 0
0 210 827 42 42 15 0 0 0 47346 1200 200 5000 0 0
0 60 443 25 887 15 0 0 0 48046 1200 200 5000 0 0
0 60 908 42 42 15 0 0 0 48046 1200 200 5000 0 0
0 810 226 25 452 15 0 0 0 48746 1200 200 5000 0 0
0 810 473 42 42 15 0 0 0 48746 1200 200 5000 0 0
0 210 228 25 457 15 0 0 0 49446 1200 200 5000 0 0
0 210 478 42 42 15 0 0 0 49446 1200 200 5000 0 0
0 960 394 25 788 15 0 0 0 50146 1200 200 5000 0 0
0 960 809 42 42 15 0 0 0 50146 1200 200 5000 0 0
0 810 419 25 839 15 0 0 0 50846 1200 200 5000 0 0
0 810 860 42 42 15 0 0 0 50846 1200 200 5000 0 0
0 810 410 25 821 15 0 0 0 51546 1200 200 5000 0 0
0 810 842 42 42 15 0 0 0 51546 1200 200 5000 0 0
0 810 326 25 653 15 0 0 0 52246 1200 200 5000 0 0
0 810 674 42 42 15 0 0 0 52246 1200 200 5000 0 0
0 960 354 25 709 15 0 0 0 52946 1200 200 5000 0 0

0 1440 540 30 30 7 375 0 2 53822 500 200 5000 0 0
0 1440 540 30 30 7 555 0 2 53822 500 200 5000 0 0
0 480 540 30 30 7 -15 0 2 53822 500 200 5000 0 0
0 480 540 30 30 7 165 0 2 53822 500 200 5000 0 0
0 1440 540 30 30 7 390 0 2 53972 500 200 5000 0 0
0 1440 540 30 30 7 570 0 2 53972 500 200 5000 0 0
0 480 540 30 30 7 -30 0 2 53972 500 200 5000 0 0
0 480 540 30 30 7 150 0 2 53972 500 200 5000 0 0
0 1440 540 30 30 7 405 0 2 54122 500 200 5000 0 0
0 1440 540 30 30 7 585 0 2 54122 500 200 5000 0 0
0 480 540 30 30 7 -45 0 2 54122 500 200 5000 0 0
0 480 540 30 30 7 135 0 2 54122 500 200 5000 0 0
0 1440 540 30 30 7 420 0 2 54272 500 200 5000 0 0
0 1440 540 30 30 7 600 0 2 54272 500 200 5000 0 0
0 480 540 30 30 7 -60 0 2 54272 500 200 5000 0 0
0 480 540 30 30 7 120 0 2 54272 500 200 5000 0 0
0 1440 540 30 30 7 435 0 2 54422 500 200 5000 0 0
0 1440 540 30 30 7 615 0 2 54422 500 200 5000 0 0
0 480 540 30 30 7 -75 0 2 54422 500 200 5000 0 0
0 480 540 30 30 7 105 0 2 54422 500 200 5000 0 0
0 1440 540 30 30 7 450 0 2 54572 500 200 5000 0 0
0 1440 540 30 30 7 630 0 2 54572 500 200 5000 0 0
0 480 540 30 30 7 -90 0 2 54572 500 200 5000 0 0
0 480 540 30 30 7 90 0 2 54572 500 200 5000 0 0
0 1440 540 30 30 7 465 0 2 54722 500 200 5000 0 0
0 1440 540 30 30 7 645 0 2 54722 500 200 5000 0 0
0 480 540 30 30 7 -105 0 2 54722 500 200 5000 0 0
0 480 540 30 30 7 75 0 2 54722 500 200 5000 0 0
0 1440 540 30 30 7 480 0 2 54872 500 200 5000 0 0
0 1440 540 30 30 7 660 0 2 54872 500 200 5000 0 0
0 480 540 30 30 7 -120 0 2 54872 500 200 5000 0 0
0 480 540 30 30 7 60 0 2 54872 500 200 5000 0 0
0 1440 540 30 30 7 495 0 2 55022 500 200 5000 0 0
0 1440 540 30 30 7 675 0 2 55022 500 200 5000 0 0
0 480 540 30 30 7 -135 0 2 55022 500 200 5000 0 0
0 480 540 30 30 7 45 0 2 55022 500 200 5000 0 0
0 1440 540 30 30 7 510 0 2 55172 500 200 5000 0 0
0 1440 540 30 30 7 690 0 2 55172 500 200 5000 0 0
0 480 540 30 30 7 -150 0 2 55172 500 200 5000 0 0
0 480 540 30 30 7 30 0 2 55172 500 200 5000 0 0
0 1440 540 30 30 7 525 0 2 55322 500 200 5000 0 0
0 1440 540 30 30 7 705 0 2 55322 500 200 5000 0 0
0 480 540 30 30 7 -165 0 2 55322 500 200 5000 0 0
0 480 540 30 30 7 15 0 2 55322 500 200 5000 0 0
0 1440 540 30 30 7 540 0 2 55472 500 200 5000 0 0
0 1440 540 30 30 7 720 0 2 55472 500 200 5000 0 0
0 480 540 30 30 7 -180 0 2 55472 500 200 5000 0 0
0 480 540 30 30 7 0 0 2 55472 500 200 5000 0 0
0 1440 540 30 30 7 555 0 2 55622 500 200 5000 0 0
0 1440 540 30 30 7 735 0 2 55622 500 200 5000 0 0
0 480 540 30 30 7 -195 0 2 55622 500 200 5000 0 0
0 480 540 30 30 7 -15 0 2 55622 500 200 5000 0 0
0 1440 540 30 30 7 570 0 2 55772 500 200 5000 0 0
0 1440 540 30 30 7 750 0 2 55772 500 200 5000 0 0
0 480 540 30 30 7 -210 0 2 55772 500 200 5000 0 0
0 480 540 30 30 7 -30 0 2 55772 500 200 5000 0 0
0 1440 540 30 30 7 585 0 2 55922 500 200 5000 0 0
0 1440 540 30 30 7 765 0 2 55922 500 200 5000 0 0
0 480 540 30 30 7 -225 0 2 55922 500 200 5000 0 0
0 480 540 30 30 7 -45 0 2 55922 500 200 5000 0 0
0 1440 540 30 30 7 600 0 2 56072 500 200 5000 0 0
0 1440 540 30 30 7 780 0 2 56072 500 200 5000 0 0
0 480 540 30 30 7 -240 0 2 56072 500 200 5000 0 0
0 480 540 30 30 7 -60 0 2 56072 500 200 5000 0 0
0 1440 540 30 30 7 615 0 2 56222 500 200 5000 0 0
0 1440 540 30 30 7 795 0 2 56222 500 200 5000 0 0
0 480 540 30 30 7 -255 0 2 56222 500 200 5000 0 0
0 480 540 30 30 7 -75 0 2 56222 500 200 5000 0 0
0 1440 540 30 30 7 630 0 2 56372 500 200 5000 0 0
0 1440 540 30 30 7 810 0 2 56372 500 200 5000 0 0
0 480 540 30 30 7 -270 0 2 56372 500 200 5000 0 0
0 480 540 30 30 7 -90 0 2 56372 500 200 5000 0 0
0 1440 540 30 30 7 645 0 2 56522 500 200 5000 0 0
0 1440 540 30 30 7 825 0 2 56522 500 200 5000 0 0
0 480 540 30 30 7 -285 0 2 56522 500 200 5000 0 0
0 480 540 30 30 7 -105 0 2 56522 500 200 5000 0 0
0 1440 540 30 30 7 660 0 2 56672 500 200 5000 0 0
0 1440 540 30 30 7 840 0 2 56672 500 200 5000 0 0
0 480 540 30 30 7 -300 0 2 56672 500 200 5000 0 0
0 480 540 30 30 7 -120 0 2 56672 500 200 5000 0 0
0 1440 540 30 30 7 675 0 2 56822 500 200 5000 0 0
0 1440 540 30 30 7 855 0 2 56822 500 200 5000 0 0
0 480 540 30 30 7 -315 0 2 56822 500 200 5000 0 0
0 480 540 30 30 7 -135 0 2 56822 500 200 5000 0 0
0 1440 540 30 30 7 690 0 2 56972 500 200 5000 0 0
0 1440 540 30 30 7 870 0 2 56972 500 200 5000 0 0
0 480 540 30 30 7 -330 0 2 56972 500 200 5000 0 0
0 480 540 30 30 7 -150 0 2 56972 500 200 5000 0 0
0 1440 540 30 30 7 705 0 2 57122 500 200 5000 0 0
0 1440 540 30 30 7 885 0 2 57122 500 200 5000 0 0
0 480 540 30 30 7 -345 0 2 57122 500 200 5000 0 0
0 480 540 30 30 7 -165 0 2 57122 500 200 5000 0 0
0 1440 540 30 30 7 720 0 2 57272 500 200 5000 0 0
0 1440 540 30 30 7 900 0 2 57272 500 200 5000 0 0
0 480 540 30 30 7 -360 0 2 57272 500 200 5000 0 0
0 480 540 30 30 7 -180 0 2 57272 500 200 5000 0 0
0 1440 540 30 30 7 735 0 2 57422 500 200 5000 0 0
0 1440 540 30 30 7 915 0 2 57422 500 200 5000 0 0
0 480 540 30 30 7 -375 0 2 57422 500 200 5000 0 0
0 480 540 30 30 7 -195 0 2 57422 500 200 5000 0 0
0 1440 540 30 30 7 750 0 2 57572 500 200 5000 0 0
0 1440 540 30 30 7 930 0 2 57572 500 200 5000 0 0
0 480 540 30 30 7 -390 0 2 57572 500 200 5000 0 0
0 480 540 30 30 7 -210 0 2 57572 500 200 5000 0 0
0 1440 540 30 30 7 765 0 2 57722 500 200 5000 0 0
0 1440 540 30 30 7 945 0 2 57722 500 200 5000 0 0
0 480 540 30 30 7 -405 0 2 57722 500 200 5000 0 0
0 480 540 30 30 7 -225 0 2 57722 500 200 5000 0 0
0 1440 540 30 30 7 780 0 2 57872 500 200 5000 0 0
0 1440 540 30 30 7 960 0 2 57872 500 200 5000 0 0
0 480 540 30 30 7 -420 0 2 57872 500 200 5000 0 0
0 480 540 30 30 7 -240 0 2 57872 500 200 5000 0 0
0 1440 540 30 30 7 795 0 2 58022 500 200 5000 0 0
0 1440 540 30 30 7 975 0 2 58022 500 200 5000 0 0
0 480 540 30 30 7 -435 0 2 58022 500 200 5000 0 0
0 480 540 30 30 7 -255 0 2 58022 500 200 5000 0 0
0 1440 540 30 30 7 810 0 2 58172 500 200 5000 0 0
0 1440 540 30 30 7 990 0 2 58172 500 200 5000 0 0
0 480 540 30 30 7 -450 0 2 58172 500 200 5000 0 0
0 480 540 30 30 7 -270 0 2 58172 500 200 5000 0 0
0 1440 540 30 30 7 825 0 2 58322 500 200 5000 0 0
0 1440 540 30 30 7 1005 0 2 58322 500 200 5000 0 0
0 480 540 30 30 7 -465 0 2 58322 500 200 5000 0 0
0 480 540 30 30 7 -285 0 2 58322 500 200 5000 0 0
0 1440 540 30 30 7 840 0 2 58472 500 200 5000 0 0
0 1440 540 30 30 7 1020 0 2 58472 500 200 5000 0 0
0 480 540 30 30 7 -480 0 2 58472 500 200 5000 0 0
0 480 540 30 30 7 -300 0 2 58472 500 200 5000 0 0
0 1440 540 30 30 7 855 0 2 58622 500 200 5000 0 0
0 1440 540 30 30 7 1035 0 2 58622 500 200 5000 0 0
0 480 540 30 30 7 -495 0 2 58622 500 200 5000 0 0
0 480 540 30 30 7 -315 0 2 58622 500 200 5000 0 0
0 1440 540 30 30 7 870 0 2 58772 500 200 5000 0 0
0 1440 540 30 30 7 1050 0 2 58772 500 200 5000 0 0
0 480 540 30 30 7 -510 0 2 58772 500 200 5000 0 0
0 480 540 30 30 7 -330 0 2 58772 500 200 5000 0 0
0 1440 540 30 30 7 885 0 2 58922 500 200 5000 0 0
0 1440 540 30 30 7 1065 0 2 58922 500 200 5000 0 0
0 480 540 30 30 7 -525 0 2 58922 500 200 5000 0 0
0 480 540 30 30 7 -345 0 2 58922 500 200 5000 0 0
0 1440 540 30 30 7 900 0 2 59072 500 200 5000 0 0
0 1440 540 30 30 7 1080 0 2 59072 500 200 5000 0 0
0 480 540 30 30 7 -540 0 2 59072 500 200 5000 0 0
0 480 540 30 30 7 -360 0 2 59072 500 200 5000 0 0
0 1440 540 30 30 7 915 0 2 59222 500 200 5000 0 0
0 1440 540 30 30 7 1095 0 2 59222 500 200 5000 0 0
0 480 540 30 30 7 -555 0 2 59222 500 200 5000 0 0
0 480 540 30 30 7 -375 0 2 59222 500 200 5000 0 0
0 1440 540 30 30 7 930 0 2 59372 500 200 5000 0 0
0 1440 540 30 30 7 1110 0 2 59372 500 200 5000 0 0
0 480 540 30 30 7 -570 0 2 59372 500 200 5000 0 0
0 480 540 30 30 7 -390 0 2 59372 500 200 5000 0 0
0 1440 540 30 30 7 945 0 2 59522 500 200 5000 0 0
0 1440 540 30 30 7 1125 0 2 59522 500 200 5000 0 0
0 480 540 30 30 7 -585 0 2 59522 500 200 5000 0 0
0 480 540 30 30 7 -405 0 2 59522 500 200 5000 0 0
0 1440 540 30 30 7 960 0 2 59672 500 200 5000 0 0
0 1440 540 30 30 7 1140 0 2 59672 500 200 5000 0 0
0 480 540 30 30 7 -600 0 2 59672 500 200 5000 0 0
0 480 540 30 30 7 -420 0 2 59672 500 200 5000 0 0
0 1440 540 30 30 7 975 0 2 59822 500 200 5000 0 0
0 1440 540 30 30 7 1155 0 2 59822 500 200 5000 0 0
0 480 540 30 30 7 -615 0 2 59822 500 200 5000 0 0
0 480 540 30 30 7 -435 0 2 59822 500 200 5000 0 0
0 1440 540 30 30 7 990 0 2 59972 500 200 5000 0 0
0 1440 540 30 30 7 1170 0 2 59972 500 200 5000 0 0
0 480 540 30 30 7 -630 0 2 59972 500 200 5000 0 0
0 480 540 30 30 7 -450 0 2 59972 500 200 5000 0 0
0 1440 540 30 30 7 1005 0 2 60122 500 200 5000 0 0
0 1440 540 30 30 7 1185 0 2 60122 500 200 5000 0 0
0 480 540 30 30 7 -645 0 2 60122 500 200 5000 0 0
0 480 540 30 30 7 -465 0 2 60122 500 200 5000 0 0
0 1440 540 30 30 7 1020 0 2 60272 500 200 5000 0 0
0 1440 540 30 30 7 1200 0 2 60272 500 200 5000 0 0
0 480 540 30 30 7 -660 0 2 60272 500 200 5000 0 0
0 480 540 30 30 7 -480 0 2 60272 500 200 5000 0 0
0 1440 540 30 30 7 1035 0 2 60422 500 200 5000 0 0
0 1440 540 30 30 7 1215 0 2 60422 500 200 5000 0 0
0 480 540 30 30 7 -675 0 2 60422 500 200 5000 0 0
0 480 540 30 30 7 -495 0 2 60422 500 200 5000 0 0
0 1440 540 30 30 7 1050 0 2 60572 500 200 5000 0 0
0 1440 540 30 30 7 1230 0 2 60572 500 200 5000 0 0
0 480 540 30 30 7 -690 0 2 60572 500 200 5000 0 0
0 480 540 30 30 7 -510 0 2 60572 500 200 5000 0 0
0 1440 540 30 30 7 1065 0 2 60722 500 200 5000 0 0
0 1440 540 30 30 7 1245 0 2 60722 500 200 5000 0 0
0 480 540 30 30 7 -705 0 2 60722 500 200 5000 0 0
0 480 540 30 30 7 -525 0 2 60722 500 200 5000 0 0
0 1440 540 30 30 7 1080 0 2 60872 500 200 5000 0 0
0 1440 540 30 30 7 1260 0 2 60872 500 200 5000 0 0
0 480 540 30 30 7 -720 0 2 60872 500 200 5000 0 0
0 480 540 30 30 7 -540 0 2 60872 500 200 5000 0 0
0 1440 540 30 30 7 1095 0 2 61022 500 200 5000 0 0
0 1440 540 30 30 7 1275 0 2 61022 500 200 5000 0 0
0 480 540 30 30 7 -735 0 2 61022 500 200 5000 0 0
0 480 540 30 30 7 -555 0 2 61022 500 200 5000 0 0
0 1440 540 30 30 7 1110 0 2 61172 500 200 5000 0 0
0 1440 540 30 30 7 1290 0 2 61172 500 200 5000 0 0
0 480 540 30 30 7 -750 0 2 61172 500 200 5000 0 0
0 480 540 30 30 7 -570 0 2 61172 500 200 5000 0 0
0 1440 540 30 30 7 1125 0 2 61322 500 200 5000 0 0
0 1440 540 30 30 7 1305 0 2 61322 500 200 5000 0 0
0 480 540 30 30 7 -765 0 2 61322 500 200 5000 0 0
0 480 540 30 30 7 -585 0 2 61322 500 200 5000 0 0
0 1440 540 30 30 7 1140 0 2 61472 500 200 5000 0 0
0 1440 540 30 30 7 1320 0 2 61472 500 200 5000 0 0
0 480 540 30 30 7 -780 0 2 61472 500 200 5000 0 0
0 480 540 30 30 7 -600 0 2 61472 500 200 5000 0 0
0 1440 540 30 30 7 1155 0 2 61622 500 200 5000 0 0
0 1440 540 30 30 7 1335 0 2 61622 500 200 5000 0 0
0 480 540 30 30 7 -795 0 2 61622 500 200 5000 0 0
0 480 540 30 30 7 -615 0 2 61622 500 200 5000 0 0
0 1440 540 30 30 7 1170 0 2 61772 500 200 5000 0 0
0 1440 540 30 30 7 1350 0 2 61772 500 200 5000 0 0
0 480 540 30 30 7 -810 0 2 61772 500 200 5000 0 0
0 480 540 30 30 7 -630 0 2 61772 500 200 5000 0 0
0 1440 540 30 30 7 1185 0 2 61922 500 200 5000 0 0
0 1440 540 30 30 7 1365 0 2 61922 500 200 5000 0 0
0 480 540 30 30 7 -825 0 2 61922 500 200 5000 0 0
0 480 540 30 30 7 -645 0 2 61922 500 200 5000 0 0
0 1440 540 30 30 7 1200 0 2 62072 500 200 5000 0 0
0 1440 540 30 30 7 1380 0 2 62072 500 200 5000 0 0
0 480 540 30 30 7 -840 0 2 62072 500 200 5000 0 0
0 480 540 30 30 7 -660 0 2 62072 500 200 5000 0 0
0 1440 540 30 30 7 1215 0 2 62222 500 200 5000 0 0
0 1440 540 30 30 7 1395 0 2 62222 500 200 5000 0 0
0 480 540 30 30 7 -855 0 2 62222 500 200 5000 0 0
0 480 540 30 30 7 -675 0 2 62222 500 200 5000 0 0
0 1440 540 30 30 7 1230 0 2 62372 500 200 5000 0 0
0 1440 540 30 30 7 1410 0 2 62372 500 200 5000 0 0
0 480 540 30 30 7 -870 0 2 62372 500 200 5000 0 0
0 480 540 30 30 7 -690 0 2 62372 500 200 5000 0 0
0 1440 540 30 30 7 1245 0 2 62522 500 200 5000 0 0
0 1440 540 30 30 7 1425 0 2 62522 500 200 5000 0 0
0 480 540 30 30 7 -885 0 2 62522 500 200 5000 0 0
0 480 540 30 30 7 -705 0 2 62522 500 200 5000 0 0
0 1440 540 30 30 7 1260 0 2 62672 500 200 5000 0 0
0 1440 540 30 30 7 1440 0 2 62672 500 200 5000 0 0
0 480 540 30 30 7 -900 0 2 62672 500 200 5000 0 0
0 480 540 30 30 7 -720 0 2 62672 500 200 5000 0 0
0 1440 540 30 30 7 1275 0 2 62822 500 200 5000 0 0
0 1440 540 30 30 7 1455 0 2 62822 500 200 5000 0 0
0 480 540 30 30 7 -915 0 2 62822 500 200 5000 0 0
0 480 540 30 30 7 -735 0 2 62822 500 200 5000 0 0
0 1440 540 30 30 7 1290 0 2 62972 500 200 5000 0 0
0 1440 540 30 30 7 1470 0 2 62972 500 200 5000 0 0
0 480 540 30 30 7 -930 0 2 62972 500 200 5000 0 0
0 480 540 30 30 7 -750 0 2 62972 500 200 5000 0 0
0 1440 540 30 30 7 1305 0 2 63122 500 200 5000 0 0
0 1440 540 30 30 7 1485 0 2 63122 500 200 5000 0 0
0 480 540 30 30 7 -945 0 2 63122 500 200 5000 0 0
0 480 540 30 30 7 -765 0 2 63122 500 200 5000 0 0
0 1440 540 30 30 7 1320 0 2 63272 500 200 5000 0 0
0 1440 540 30 30 7 1500 0 2 63272 500 200 5000 0 0
0 480 540 30 30 7 -960 0 2 63272 500 200 5000 0 0
0 480 540 30 30 7 -780 0 2 63272 500 200 5000 0 0
0 1440 540 30 30 7 1335 0 2 63422 500 200 5000 0 0
0 1440 540 30 30 7 1515 0 2 63422 500 200 5000 0 0
0 480 540 30 30 7 -975 0 2 63422 500 200 5000 0 0
0 480 540 30 30 7 -795 0 2 63422 500 200 5000 0 0
0 1440 540 30 30 7 1350 0 2 63572 500 200 5000 0 0
0 1440 540 30 30 7 1530 0 2 63572 500 200 5000 0 0
0 480 540 30 30 7 -990 0 2 63572 500 200 5000 0 0
0 480 540 30 30 7 -810 0 2 63572 500 200 5000 0 0
0 1440 540 30 30 7 1365 0 2 63722 500 200 5000 0 0
0 1440 540 30 30 7 1545 0 2 63722 500 200 5000 0 0
0 480 540 30 30 7 -1005 0 2 63722 500 200 5000 0 0
0 480 540 30 30 7 -825 0 2 63722 500 200 5000 0 0
0 1440 540 30 30 7 1380 0 2 63872 500 200 5000 0 0
0 1440 540 30 30 7 1560 0 2 63872 500 200 5000 0 0
0 480 540 30 30 7 -1020 0 2 63872 500 200 5000 0 0
0 480 540 30 30 7 -840 0 2 63872 500 200 5000 0 0
0 1440 540 30 30 7 1395 0 2 64022 500 200 5000 0 0
0 1440 540 30 30 7 1575 0 2 64022 500 200 5000 0 0
0 480 540 30 30 7 -1035 0 2 64022 500 200 5000 0 0
0 480 540 30 30 7 -855 0 2 64022 500 200 5000 0 0
0 1440 540 30 30 7 1410 0 2 64172 500 200 5000 0 0
0 1440 540 30 30 7 1590 0 2 64172 500 200 5000 0 0
0 480 540 30 30 7 -1050 0 2 64172 500 200 5000 0 0
0 480 540 30 30 7 -870 0 2 64172 500 200 5000 0 0
0 1440 540 30 30 7 1425 0 2 64322 500 200 5000 0 0
0 1440 540 30 30 7 1605 0 2 64322 500 200 5000 0 0
0 480 540 30 30 7 -1065 0 2 64322 500 200 5000 0 0
0 480 540 30 30 7 -885 0 2 64322 500 200 5000 0 0
0 1440 540 30 30 7 1440 0 2 64472 500 200 5000 0 0
0 1440 540 30 30 7 1620 0 2 64472 500 200 5000 0 0
0 480 540 30 30 7 -1080 0 2 64472 500 200 5000 0 0
0 480 540 30 30 7 -900 0 2 64472 500 200 5000 0 0
0 1440 540 30 30 7 1455 0 2 64622 500 200 5000 0 0
0 1440 540 30 30 7 1635 0 2 64622 500 200 5000 0 0
0 480 540 30 30 7 -1095 0 2 64622 500 200 5000 0 0
0 480 540 30 30 7 -915 0 2 64622 500 200 5000 0 0
0 1440 540 30 30 7 1470 0 2 64772 500 200 5000 0 0
0 1440 540 30 30 7 1650 0 2 64772 500 200 5000 0 0
0 480 540 30 30 7 -1110 0 2 64772 500 200 5000 0 0
0 480 540 30 30 7 -930 0 2 64772 500 200 5000 0 0
0 1440 540 30 30 7 1485 0 2 64922 500 200 5000 0 0
0 1440 540 30 30 7 1665 0 2 64922 500 200 5000 0 0
0 480 540 30 30 7 -1125 0 2 64922 500 200 5000 0 0
0 480 540 30 30 7 -945 0 2 64922 500 200 5000 0 0
0 1440 540 30 30 7 1500 0 2 65072 500 200 5000 0 0
0 1440 540 30 30 7 1680 0 2 65072 500 200 5000 0 0
0 480 540 30 30 7 -1140 0 2 65072 500 200 5000 0 0
0 480 540 30 30 7 -960 0 2 65072 500 200 5000 0 0
0 1440 540 30 30 7 1515 0 2 65222 500 200 5000 0 0
0 1440 540 30 30 7 1695 0 2 65222 500 200 5000 0 0
0 480 540 30 30 7 -1155 0 2 65222 500 200 5000 0 0
0 480 540 30 30 7 -975 0 2 65222 500 200 5000 0 0
0 1440 540 30 30 7 1530 0 2 65372 500 200 5000 0 0
0 1440 540 30 30 7 1710 0 2 65372 500 200 5000 0 0
0 480 540 30 30 7 -1170 0 2 65372 500 200 5000 0 0
0 480 540 30 30 7 -990 0 2 65372 500 200 5000 0 0
0 1440 540 30 30 7 1545 0 2 65522 500 200 5000 0 0
0 1440 540 30 30 7 1725 0 2 65522 500 200 5000 0 0
0 480 540 30 30 7 -1185 0 2 65522 500 200 5000 0 0
0 480 540 30 30 7 -1005 0 2 65522 500 200 5000 0 0
0 1440 540 30 30 7 1560 0 2 65672 500 200 5000 0 0
0 1440 540 30 30 7 1740 0 2 65672 500 200 5000 0 0
0 480 540 30 30 7 -1200 0 2 65672 500 200 5000 0 0
0 480 540 30 30 7 -1020 0 2 65672 500 200 5000 0 0
0 1440 540 30 30 7 1575 0 2 65822 500 200 5000 0 0
0 1440 540 30 30 7 1755 0 2 65822 500 200 5000 0 0
0 480 540 30 30 7 -1215 0 2 65822 500 200 5000 0 0
0 480 540 30 30 7 -1035 0 2 65822 500 200 5000 0 0
0 1440 540 30 30 7 1590 0 2 65972 500 200 5000 0 0
0 1440 540 30 30 7 1770 0 2 65972 500 200 5000 0 0
0 480 540 30 30 7 -1230 0 2 65972 500 200 5000 0 0
0 480 540 30 30 7 -1050 0 2 65972 500 200 5000 0 0
0 1440 540 30 30 7 1605 0 2 66122 500 200 5000 0 0
0 1440 540 30 30 7 1785 0 2 66122 500 200 5000 0 0
0 480 540 30 30 7 -1245 0 2 66122 500 200 5000 0 0
0 480 540 30 30 7 -1065 0 2 66122 500 200 5000 0 0
0 1440 540 30 30 7 1620 0 2 66272 500 200 5000 0 0
0 1440 540 30 30 7 1800 0 2 66272 500 200 5000 0 0
0 480 540 30 30 7 -1260 0 2 66272 500 200 5000 0 0
0 480 540 30 30 7 -1080 0 2 66272 500 200 5000 0 0
0 1440 540 30 30 7 1635 0 2 66422 500 200 5000 0 0
0 1440 540 30 30 7 1815 0 2 66422 500 200 5000 0 0
0 480 540 30 30 7 -1275 0 2 66422 500 200 5000 0 0
0 480 540 30 30 7 -1095 0 2 66422 500 200 5000 0 0
0 1440 540 30 30 7 1650 0 2 66572 500 200 5000 0 0
0 1440 540 30 30 7 1830 0 2 66572 500 200 5000 0 0
0 480 540 30 30 7 -1290 0 2 66572 500 200 5000 0 0
0 480 540 30 30 7 -1110 0 2 66572 500 200 5000 0 0

0 480 540 30 30 7 -15 0 2 66595 500 200 5000 0 0
0 480 540 30 30 7 165 0 2 66595 500 200 5000 0 0
0 480 540 30 30 7 -30 0 2 66745 500 200 5000 0 0
0 480 540 30 30 7 150 0 2 66745 500 200 5000 0 0
0 480 540 30 30 7 -45 0 2 66895 500 200 5000 0 0
0 480 540 30 30 7 135 0 2 66895 500 200 5000 0 0
0 480 540 30 30 7 -60 0 2 67045 500 200 5000 0 0
0 480 540 30 30 7 120 0 2 67045 500 200 5000 0 0
0 480 540 30 30 7 -75 0 2 67195 500 200 5000 0 0
0 480 540 30 30 7 105 0 2 67195 500 200 5000 0 0

0 1440 540 20 20 10 40 0 4 67225 450 300 2500 0 0 0
0 1440 540 20 20 10 70 0 4 67225 450 300 2500 0 0 0
0 1440 540 20 20 10 100 0 4 67225 450 300 2500 0 0 0
0 1440 540 20 20 10 130 0 4 67225 450 300 2500 0 0 0
0 1440 540 20 20 10 160 0 4 67225 450 300 2500 0 0 0
0 1440 540 20 20 10 190 0 4 67225 450 300 2500 0 0 0
0 1440 540 20 20 10 220 0 4 67225 450 300 2500 0 0 0
0 1440 540 20 20 10 250 0 4 67225 450 300 2500 0 0 0
0 1440 540 20 20 10 280 0 4 67225 450 300 2500 0 0 0
0 1440 540 20 20 10 310 0 4 67225 450 300 2500 0 0 0
0 1440 540 20 20 10 340 0 4 67225 450 300 2500 0 0 0
0 1440 540 20 20 10 370 0 4 67225 450 300 2500 0 0 0

0 480 540 30 30 7 -90 0 2 67345 500 200 5000 0 0
0 480 540 30 30 7 90 0 2 67345 500 200 5000 0 0
0 480 540 30 30 7 -105 0 2 67495 500 200 5000 0 0
0 480 540 30 30 7 75 0 2 67495 500 200 5000 0 0
0 480 540 30 30 7 -120 0 2 67645 500 200 5000 0 0
0 480 540 30 30 7 60 0 2 67645 500 200 5000 0 0
0 480 540 30 30 7 -135 0 2 67795 500 200 5000 0 0
0 480 540 30 30 7 45 0 2 67795 500 200 5000 0 0
0 480 540 30 30 7 -150 0 2 67945 500 200 5000 0 0
0 480 540 30 30 7 30 0 2 67945 500 200 5000 0 0

0 480 540 30 30 7 -165 0 2 68095 500 200 5000 0 0
0 480 540 30 30 7 15 0 2 68095 500 200 5000 0 0
0 480 540 30 30 7 -180 0 2 68245 500 200 5000 0 0
0 480 540 30 30 7 0 0 2 68245 500 200 5000 0 0
0 480 540 30 30 7 -195 0 2 68395 500 200 5000 0 0
0 480 540 30 30 7 -15 0 2 68395 500 200 5000 0 0
0 480 540 30 30 7 -210 0 2 68545 500 200 5000 0 0
0 480 540 30 30 7 -30 0 2 68545 500 200 5000 0 0
0 480 540 30 30 7 -225 0 2 68695 500 200 5000 0 0
0 480 540 30 30 7 -45 0 2 68695 500 200 5000 0 0
0 480 540 30 30 7 -240 0 2 68845 500 200 5000 0 0
0 1440 540 20 20 10 40 0 4 68845 450 300 2500 0 0 0
0 1440 540 20 20 10 70 0 4 68845 450 300 2500 0 0 0
0 1440 540 20 20 10 100 0 4 68845 450 300 2500 0 0 0
0 1440 540 20 20 10 130 0 4 68845 450 300 2500 0 0 0
0 1440 540 20 20 10 160 0 4 68845 450 300 2500 0 0 0
0 1440 540 20 20 10 190 0 4 68845 450 300 2500 0 0 0
0 1440 540 20 20 10 220 0 4 68845 450 300 2500 0 0 0
0 1440 540 20 20 10 250 0 4 68845 450 300 2500 0 0 0
0 1440 540 20 20 10 280 0 4 68845 450 300 2500 0 0 0
0 1440 540 20 20 10 310 0 4 68845 450 300 2500 0 0 0
0 1440 540 20 20 10 340 0 4 68845 450 300 2500 0 0 0
0 1440 540 20 20 10 370 0 4 68845 450 300 2500 0 0 0
0 480 540 30 30 7 -60 0 2 68845 500 200 5000 0 0
0 480 540 30 30 7 -255 0 2 68995 500 200 5000 0 0
0 480 540 30 30 7 -75 0 2 68995 500 200 5000 0 0
0 480 540 30 30 7 -270 0 2 69145 500 200 5000 0 0
0 480 540 30 30 7 -90 0 2 69145 500 200 5000 0 0
0 480 540 30 30 7 -285 0 2 69295 500 200 5000 0 0
0 480 540 30 30 7 -105 0 2 69295 500 200 5000 0 0
0 480 540 30 30 7 -300 0 2 69445 500 200 5000 0 0
0 480 540 30 30 7 -120 0 2 69445 500 200 5000 0 0
0 480 540 30 30 7 -315 0 2 69595 500 200 5000 0 0
0 480 540 30 30 7 -135 0 2 69595 500 200 5000 0 0
0 480 540 30 30 7 -330 0 2 69745 500 200 5000 0 0
0 480 540 30 30 7 -150 0 2 69745 500 200 5000 0 0
0 480 540 30 30 7 -345 0 2 69895 500 200 5000 0 0
0 480 540 30 30 7 -165 0 2 69895 500 200 5000 0 0
0 480 540 30 30 7 -360 0 2 70045 500 200 5000 0 0
0 480 540 30 30 7 -180 0 2 70045 500 200 5000 0 0
0 480 540 30 30 7 -375 0 2 70195 500 200 5000 0 0
0 480 540 30 30 7 -195 0 2 70195 500 200 5000 0 0
0 480 540 30 30 7 -390 0 2 70345 500 200 5000 0 0
0 480 540 30 30 7 -210 0 2 70345 500 200 5000 0 0
0 1440 540 20 20 10 40 0 4 70451 450 300 2500 0 0 0
0 1440 540 20 20 10 70 0 4 70451 450 300 2500 0 0 0
0 1440 540 20 20 10 100 0 4 70451 450 300 2500 0 0 0
0 1440 540 20 20 10 130 0 4 70451 450 300 2500 0 0 0
0 1440 540 20 20 10 160 0 4 70451 450 300 2500 0 0 0
0 1440 540 20 20 10 190 0 4 70451 450 300 2500 0 0 0
0 1440 540 20 20 10 220 0 4 70451 450 300 2500 0 0 0
0 1440 540 20 20 10 250 0 4 70451 450 300 2500 0 0 0
0 1440 540 20 20 10 280 0 4 70451 450 300 2500 0 0 0
0 1440 540 20 20 10 310 0 4 70451 450 300 2500 0 0 0
0 1440 540 20 20 10 340 0 4 70451 450 300 2500 0 0 0
0 1440 540 20 20 10 370 0 4 70451 450 300 2500 0 0 0
0 480 540 30 30 7 -405 0 2 70495 500 200 5000 0 0
0 480 540 30 30 7 -225 0 2 70495 500 200 5000 0 0
0 480 540 30 30 7 -420 0 2 70645 500 200 5000 0 0
0 480 540 30 30 7 -240 0 2 70645 500 200 5000 0 0
0 480 540 30 30 7 -435 0 2 70795 500 200 5000 0 0
0 480 540 30 30 7 -255 0 2 70795 500 200 5000 0 0
0 480 540 30 30 7 -450 0 2 70945 500 200 5000 0 0
0 480 540 30 30 7 -270 0 2 70945 500 200 5000 0 0
0 480 540 30 30 7 -465 0 2 71095 500 200 5000 0 0
0 480 540 30 30 7 -285 0 2 71095 500 200 5000 0 0
0 480 540 30 30 7 -480 0 2 71245 500 200 5000 0 0
0 480 540 30 30 7 -300 0 2 71245 500 200 5000 0 0
0 480 540 30 30 7 -495 0 2 71395 500 200 5000 0 0
0 480 540 30 30 7 -315 0 2 71395 500 200 5000 0 0
0 480 540 30 30 7 -510 0 2 71545 500 200 5000 0 0
0 480 540 30 30 7 -330 0 2 71545 500 200 5000 0 0
0 480 540 30 30 7 -525 0 2 71695 500 200 5000 0 0
0 480 540 30 30 7 -345 0 2 71695 500 200 5000 0 0
0 480 540 30 30 7 -540 0 2 71845 500 200 5000 0 0
0 480 540 30 30 7 -360 0 2 71845 500 200 5000 0 0
0 480 540 30 30 7 -555 0 2 71995 500 200 5000 0 0
0 480 540 30 30 7 -375 0 2 71995 500 200 5000 0 0
0 1440 540 20 20 10 40 0 4 72049 450 300 2500 0 0 0
0 1440 540 20 20 10 70 0 4 72049 450 300 2500 0 0 0
0 1440 540 20 20 10 100 0 4 72049 450 300 2500 0 0 0
0 1440 540 20 20 10 130 0 4 72049 450 300 2500 0 0 0
0 1440 540 20 20 10 160 0 4 72049 450 300 2500 0 0 0
0 1440 540 20 20 10 190 0 4 72049 450 300 2500 0 0 0
0 1440 540 20 20 10 220 0 4 72049 450 300 2500 0 0 0
0 1440 540 20 20 10 250 0 4 72049 450 300 2500 0 0 0
0 1440 540 20 20 10 280 0 4 72049 450 300 2500 0 0 0
0 1440 540 20 20 10 310 0 4 72049 450 300 2500 0 0 0
0 1440 540 20 20 10 340 0 4 72049 450 300 2500 0 0 0
0 1440 540 20 20 10 370 0 4 72049 450 300 2500 0 0 0
0 480 540 30 30 7 -570 0 2 72145 500 200 5000 0 0
0 480 540 30 30 7 -390 0 2 72145 500 200 5000 0 0
0 480 540 30 30 7 -585 0 2 72295 500 200 5000 0 0
0 480 540 30 30 7 -405 0 2 72295 500 200 5000 0 0
0 480 540 30 30 7 -600 0 2 72445 500 200 5000 0 0
0 480 540 30 30 7 -420 0 2 72445 500 200 5000 0 0
0 480 540 30 30 7 -615 0 2 72595 500 200 5000 0 0
0 480 540 30 30 7 -435 0 2 72595 500 200 5000 0 0
0 480 540 30 30 7 -630 0 2 72745 500 200 5000 0 0
0 480 540 30 30 7 -450 0 2 72745 500 200 5000 0 0
0 480 540 30 30 7 -645 0 2 72895 500 200 5000 0 0
0 480 540 30 30 7 -465 0 2 72895 500 200 5000 0 0
0 480 540 30 30 7 -660 0 2 73045 500 200 5000 0 0
0 480 540 30 30 7 -480 0 2 73045 500 200 5000 0 0
0 480 540 30 30 7 -675 0 2 73195 500 200 5000 0 0
0 480 540 30 30 7 -495 0 2 73195 500 200 5000 0 0
0 480 540 30 30 7 -690 0 2 73345 500 200 5000 0 0
0 480 540 30 30 7 -510 0 2 73345 500 200 5000 0 0
0 480 540 30 30 7 -705 0 2 73495 500 200 5000 0 0
0 480 540 30 30 7 -525 0 2 73495 500 200 5000 0 0

0 1440 540 30 30 7 375 0 2 73154 500 200 5000 0 0
0 1440 540 30 30 7 555 0 2 73154 500 200 5000 0 0
0 1440 540 30 30 7 390 0 2 73304 500 200 5000 0 0
0 1440 540 30 30 7 570 0 2 73304 500 200 5000 0 0
0 1440 540 30 30 7 405 0 2 73454 500 200 5000 0 0
0 1440 540 30 30 7 585 0 2 73454 500 200 5000 0 0
0 480 540 20 20 10 40 0 4 73554 450 300 2500 0 0 0
0 480 540 20 20 10 70 0 4 73554 450 300 2500 0 0 0
0 480 540 20 20 10 100 0 4 73554 450 300 2500 0 0 0
0 480 540 20 20 10 130 0 4 73554 450 300 2500 0 0 0
0 480 540 20 20 10 160 0 4 73554 450 300 2500 0 0 0
0 480 540 20 20 10 190 0 4 73554 450 300 2500 0 0 0
0 480 540 20 20 10 220 0 4 73554 450 300 2500 0 0 0
0 480 540 20 20 10 250 0 4 73554 450 300 2500 0 0 0
0 480 540 20 20 10 280 0 4 73554 450 300 2500 0 0 0
0 480 540 20 20 10 310 0 4 73554 450 300 2500 0 0 0
0 480 540 20 20 10 340 0 4 73554 450 300 2500 0 0 0
0 480 540 20 20 10 370 0 4 73554 450 300 2500 0 0 0
0 1440 540 30 30 7 420 0 2 73604 500 200 5000 0 0
0 1440 540 30 30 7 600 0 2 73604 500 200 5000 0 0
0 1440 540 30 30 7 435 0 2 73754 500 200 5000 0 0
0 1440 540 30 30 7 615 0 2 73754 500 200 5000 0 0
0 1440 540 30 30 7 450 0 2 73904 500 200 5000 0 0
0 1440 540 30 30 7 630 0 2 73904 500 200 5000 0 0
0 1440 540 30 30 7 465 0 2 74054 500 200 5000 0 0
0 1440 540 30 30 7 645 0 2 74054 500 200 5000 0 0
0 1440 540 30 30 7 480 0 2 74204 500 200 5000 0 0
0 1440 540 30 30 7 660 0 2 74204 500 200 5000 0 0
0 1440 540 30 30 7 495 0 2 74354 500 200 5000 0 0
0 1440 540 30 30 7 675 0 2 74354 500 200 5000 0 0
0 1440 540 30 30 7 510 0 2 74504 500 200 5000 0 0
0 1440 540 30 30 7 690 0 2 74504 500 200 5000 0 0
0 1440 540 30 30 7 525 0 2 74654 500 200 5000 0 0
0 1440 540 30 30 7 705 0 2 74654 500 200 5000 0 0
0 1440 540 30 30 7 540 0 2 74804 500 200 5000 0 0
0 1440 540 30 30 7 720 0 2 74804 500 200 5000 0 0
0 1440 540 30 30 7 555 0 2 74954 500 200 5000 0 0
0 1440 540 30 30 7 735 0 2 74954 500 200 5000 0 0
0 1440 540 30 30 7 570 0 2 75104 500 200 5000 0 0
0 1440 540 30 30 7 750 0 2 75104 500 200 5000 0 0
0 480 540 20 20 10 40 0 4 75250 450 300 2500 0 0 0
0 480 540 20 20 10 70 0 4 75250 450 300 2500 0 0 0
0 480 540 20 20 10 100 0 4 75250 450 300 2500 0 0 0
0 480 540 20 20 10 130 0 4 75250 450 300 2500 0 0 0
0 480 540 20 20 10 160 0 4 75250 450 300 2500 0 0 0
0 480 540 20 20 10 190 0 4 75250 450 300 2500 0 0 0
0 480 540 20 20 10 220 0 4 75250 450 300 2500 0 0 0
0 480 540 20 20 10 250 0 4 75250 450 300 2500 0 0 0
0 480 540 20 20 10 280 0 4 75250 450 300 2500 0 0 0
0 480 540 20 20 10 310 0 4 75250 450 300 2500 0 0 0
0 480 540 20 20 10 340 0 4 75250 450 300 2500 0 0 0
0 480 540 20 20 10 370 0 4 75250 450 300 2500 0 0 0
0 1440 540 30 30 7 585 0 2 75254 500 200 5000 0 0
0 1440 540 30 30 7 765 0 2 75254 500 200 5000 0 0
0 1440 540 30 30 7 600 0 2 75404 500 200 5000 0 0
0 1440 540 30 30 7 780 0 2 75404 500 200 5000 0 0
0 1440 540 30 30 7 615 0 2 75554 500 200 5000 0 0
0 1440 540 30 30 7 795 0 2 75554 500 200 5000 0 0
0 1440 540 30 30 7 630 0 2 75704 500 200 5000 0 0
0 1440 540 30 30 7 810 0 2 75704 500 200 5000 0 0
0 1440 540 30 30 7 645 0 2 75854 500 200 5000 0 0
0 1440 540 30 30 7 825 0 2 75854 500 200 5000 0 0
0 1440 540 30 30 7 660 0 2 76004 500 200 5000 0 0
0 1440 540 30 30 7 840 0 2 76004 500 200 5000 0 0
0 1440 540 30 30 7 675 0 2 76154 500 200 5000 0 0
0 1440 540 30 30 7 855 0 2 76154 500 200 5000 0 0
0 1440 540 30 30 7 690 0 2 76304 500 200 5000 0 0
0 1440 540 30 30 7 870 0 2 76304 500 200 5000 0 0
0 1440 540 30 30 7 705 0 2 76454 500 200 5000 0 0
0 1440 540 30 30 7 885 0 2 76454 500 200 5000 0 0
0 1440 540 30 30 7 720 0 2 76604 500 200 5000 0 0
0 1440 540 30 30 7 900 0 2 76604 500 200 5000 0 0
0 1440 540 30 30 7 735 0 2 76754 500 200 5000 0 0
0 1440 540 30 30 7 915 0 2 76754 500 200 5000 0 0
0 480 540 20 20 10 40 0 4 76849 450 300 2500 0 0 0
0 480 540 20 20 10 70 0 4 76849 450 300 2500 0 0 0
0 480 540 20 20 10 100 0 4 76849 450 300 2500 0 0 0
0 480 540 20 20 10 130 0 4 76849 450 300 2500 0 0 0
0 480 540 20 20 10 160 0 4 76849 450 300 2500 0 0 0
0 480 540 20 20 10 190 0 4 76849 450 300 2500 0 0 0
0 480 540 20 20 10 220 0 4 76849 450 300 2500 0 0 0
0 480 540 20 20 10 250 0 4 76849 450 300 2500 0 0 0
0 480 540 20 20 10 280 0 4 76849 450 300 2500 0 0 0
0 480 540 20 20 10 310 0 4 76849 450 300 2500 0 0 0
0 480 540 20 20 10 340 0 4 76849 450 300 2500 0 0 0
0 480 540 20 20 10 370 0 4 76849 450 300 2500 0 0 0
0 1440 540 30 30 7 750 0 2 76904 500 200 5000 0 0
0 1440 540 30 30 7 930 0 2 76904 500 200 5000 0 0
0 1440 540 30 30 7 765 0 2 77054 500 200 5000 0 0
0 1440 540 30 30 7 945 0 2 77054 500 200 5000 0 0
0 1440 540 30 30 7 780 0 2 77204 500 200 5000 0 0
0 1440 540 30 30 7 960 0 2 77204 500 200 5000 0 0
0 1440 540 30 30 7 795 0 2 77354 500 200 5000 0 0
0 1440 540 30 30 7 975 0 2 77354 500 200 5000 0 0
0 1440 540 30 30 7 810 0 2 77504 500 200 5000 0 0
0 1440 540 30 30 7 990 0 2 77504 500 200 5000 0 0
0 1440 540 30 30 7 825 0 2 77654 500 200 5000 0 0
0 1440 540 30 30 7 1005 0 2 77654 500 200 5000 0 0
0 1440 540 30 30 7 840 0 2 77804 500 200 5000 0 0
0 1440 540 30 30 7 1020 0 2 77804 500 200 5000 0 0
0 1440 540 30 30 7 855 0 2 77954 500 200 5000 0 0
0 1440 540 30 30 7 1035 0 2 77954 500 200 5000 0 0
0 1440 540 30 30 7 870 0 2 78104 500 200 5000 0 0
0 1440 540 30 30 7 1050 0 2 78104 500 200 5000 0 0
0 1440 540 30 30 7 885 0 2 78254 500 200 5000 0 0
0 1440 540 30 30 7 1065 0 2 78254 500 200 5000 0 0
0 1440 540 30 30 7 900 0 2 78404 500 200 5000 0 0
0 1440 540 30 30 7 1080 0 2 78404 500 200 5000 0 0
0 480 540 20 20 10 40 0 4 78449 450 300 2500 0 0 0
0 480 540 20 20 10 70 0 4 78449 450 300 2500 0 0 0
0 480 540 20 20 10 100 0 4 78449 450 300 2500 0 0 0
0 480 540 20 20 10 130 0 4 78449 450 300 2500 0 0 0
0 480 540 20 20 10 160 0 4 78449 450 300 2500 0 0 0
0 480 540 20 20 10 190 0 4 78449 450 300 2500 0 0 0
0 480 540 20 20 10 220 0 4 78449 450 300 2500 0 0 0
0 480 540 20 20 10 250 0 4 78449 450 300 2500 0 0 0
0 480 540 20 20 10 280 0 4 78449 450 300 2500 0 0 0
0 480 540 20 20 10 310 0 4 78449 450 300 2500 0 0 0
0 480 540 20 20 10 340 0 4 78449 450 300 2500 0 0 0
0 480 540 20 20 10 370 0 4 78449 450 300 2500 0 0 0
0 1440 540 30 30 7 915 0 2 78554 500 200 5000 0 0
0 1440 540 30 30 7 1095 0 2 78554 500 200 5000 0 0
0 1440 540 30 30 7 930 0 2 78704 500 200 5000 0 0
0 1440 540 30 30 7 1110 0 2 78704 500 200 5000 0 0
0 1440 540 30 30 7 945 0 2 78854 500 200 5000 0 0
0 1440 540 30 30 7 1125 0 2 78854 500 200 5000 0 0
0 1440 540 30 30 7 960 0 2 79004 500 200 5000 0 0
0 1440 540 30 30 7 1140 0 2 79004 500 200 5000 0 0
0 1440 540 30 30 7 975 0 2 79154 500 200 5000 0 0
0 1440 540 30 30 7 1155 0 2 79154 500 200 5000 0 0
0 1440 540 30 30 7 990 0 2 79304 500 200 5000 0 0
0 1440 540 30 30 7 1170 0 2 79304 500 200 5000 0 0
0 1440 540 30 30 7 1005 0 2 79454 500 200 5000 0 0
0 1440 540 30 30 7 1185 0 2 79454 500 200 5000 0 0
